0.000000 1.529948 2.418271 1.526222 2.558980 4.920642 2.417811 3.810359 4.691482 5.200773 4.776552 4.955878 5.321270 6.476483 7.820084 8.085248 6.528686 8.836318 10.217308 10.935909 10.865069 11.028351 11.336637 10.707302 12.367628 12.382614 11.799200 12.752070 14.350574 12.606610 13.812777 12.725896 13.839374 15.043099 16.405600 17.777491 18.699677 19.916443 20.768703 20.998053 20.674667 21.298771 23.437557 23.378233 21.263966 20.434683 20.868841 24.560946 25.756926 25.938208 25.099388 27.009829 27.552792 26.983685 28.615549 27.080723 27.335455 27.367617 27.292658 28.654997 29.742838 30.879538 30.662287 32.031349 27.573259 27.647886 26.401829 26.504221 28.909840 30.147253 30.383781 30.987549 25.287683 24.059780 24.209427 23.417593 22.997673 22.336086 23.345564 23.870798 23.520088 24.834356 24.530289 24.113155 26.995222 27.253819 28.162987 24.154991 23.255793 23.943039 23.493956 21.824160 21.991707 21.081228 20.703079 25.101551 25.900753 27.290798 28.166475 29.526108 30.030422 30.021273 30.397539 31.902727 32.341328 33.861507 30.533556 31.114248 30.231379 32.442219 33.422089 33.523739 34.147011 28.955578 27.999811 27.875589 27.725029 28.454124 28.527363 27.535686 29.753614 28.039246 28.028078 27.580240 27.512995 31.311142 31.641720 31.138266 30.251766 31.584343 27.326626 27.023079 28.369051 29.204733 26.177570 24.720097 24.059927
1.529948 0.000000 1.240072 2.481023 2.933317 5.663162 1.332054 2.451809 3.400395 4.146816 3.632615 3.859521 3.935464 5.203788 6.453174 6.636859 5.417369 7.530946 8.866755 9.649935 9.687115 9.718817 9.979319 9.291761 11.036893 11.024215 10.475241 11.493751 12.985373 11.391216 12.666613 11.440003 12.785765 13.771225 15.069192 16.413340 17.420017 18.673141 19.493938 19.674397 19.433975 20.058937 22.218004 22.207548 20.071552 19.249689 19.770943 23.322763 24.549541 24.762823 23.928400 25.771225 26.292147 25.730579 27.334240 25.930628 26.220701 26.230696 26.186762 27.568520 28.627602 29.796921 29.620331 30.934193 26.387962 26.444805 25.171108 25.248407 27.678236 28.940943 29.210157 29.768267 24.063805 22.809546 22.905254 22.086449 21.819458 21.174410 22.210793 22.713982 22.314997 23.706850 23.160307 22.768944 25.638512 25.864813 26.813400 22.750137 21.840214 22.502172 22.046833 20.396109 20.537317 19.687582 19.240740 23.651291 24.433506 25.819666 26.687050 28.042786 28.534952 28.531034 28.931747 30.433550 30.868721 32.385574 29.026577 29.599829 28.717213 30.932402 31.913471 32.009933 32.646847 27.438755 26.484816 26.374617 26.231220 26.936430 27.002054 26.007902 28.227161 26.547762 26.556547 26.121880 26.048374 29.849266 30.185247 29.699516 28.826738 30.153404 25.891943 25.608599 26.966772 27.808887 24.790304 23.325344 22.701178
2.418271 1.240072 0.000000 3.463373 3.567915 6.210755 2.267260 2.813328 3.625876 4.610517 4.140025 3.909040 3.739958 4.985364 6.103776 6.107845 5.043443 7.294837 8.562025 9.264049 9.376576 9.569810 9.874833 9.147901 11.010867 11.012380 9.963388 10.941358 12.351190 10.715768 11.991965 10.651564 12.046872 13.271082 14.653689 15.992642 16.909409 18.182404 19.046015 19.199001 18.868584 19.678690 21.904646 21.906433 19.872448 19.137154 19.746035 23.019646 24.267406 24.555691 23.763237 25.453833 26.005896 25.493279 27.025450 25.742897 26.099693 26.142023 26.155722 27.458292 28.471258 29.646227 29.477755 30.779535 26.264206 26.352327 25.069759 25.154135 27.561790 28.839661 29.158102 29.624798 23.946138 22.680714 22.709852 21.880558 21.826231 21.248291 22.337509 22.848263 22.410242 23.885069 22.807913 22.408123 25.307571 25.469971 26.523062 22.360495 21.392122 21.991253 21.478888 19.959703 20.119158 19.316566 18.847166 23.152174 23.882816 25.288193 26.114094 27.482086 27.926641 27.880333 28.379333 29.884296 30.364338 31.877289 28.427444 28.961588 28.034946 30.276827 31.295750 31.422018 32.029202 26.766085 25.771322 25.623072 25.434727 26.195894 26.298025 25.328133 27.530361 25.816191 25.795313 25.395805 25.370037 29.017729 29.314741 28.794207 27.918949 29.217638 25.145430 24.898001 26.269205 27.078251 24.054453 22.579575 21.931381
1.526222 2.481023 3.463373 0.000000 1.521882 3.646755 2.869362 4.250279 4.740212 4.912158 5.200412 6.014753 5.480218 6.407409 7.868270 8.352946 6.388410 8.719562 10.157200 10.806466 10.577426 10.855542 11.266575 10.800260 12.262361 12.397299 11.777842 12.671662 14.443158 12.598545 13.732690 12.901756 13.770662 14.908447 16.288008 17.694803 18.550150 19.704660 20.558630 20.866003 20.513807 21.005262 23.076981 22.957588 20.837875 19.984903 20.294741 24.214224 25.359804 25.475405 24.622391 26.661320 27.219696 26.627592 28.316160 26.578730 26.774094 26.827118 26.707729 28.055874 29.185028 30.282505 30.022648 31.448299 27.100431 27.199156 25.999773 26.146687 28.502853 29.698061 29.886124 30.557735 24.877192 23.695414 23.938248 23.200342 22.532791 21.865885 22.849442 23.424669 23.154696 24.359758 24.400524 23.942059 26.828276 27.164589 27.972425 24.105501 23.251232 24.018721 23.618458 21.847538 22.076094 21.015282 20.814548 25.189716 26.055412 27.442327 28.362047 29.723394 30.295996 30.303152 30.538517 32.048100 32.475456 34.004765 30.836794 31.479990 30.641293 32.798447 33.740105 33.848633 34.429115 29.372379 28.461002 28.320417 28.216391 28.987661 29.081432 28.093248 30.319052 28.417149 28.382524 27.857935 27.755074 31.739950 32.129189 31.647161 30.727942 32.145016 27.576977 27.195740 28.503498 29.361961 26.335131 24.905392 24.222052
2.558980 2.933317 3.567915 1.521882 0.000000 2.780916 3.330553 4.414173 4.437206 4.568868 5.621545 6.661659 4.925043 5.574320 7.077979 7.658147 5.288793 7.866407 9.315158 9.795773 9.462528 10.072002 10.660588 10.330101 11.723522 12.013121 10.763038 11.547043 13.438209 11.426026 12.482049 11.830832 12.468110 13.790952 15.293180 16.738459 17.417833 18.530281 19.437891 19.799509 19.312685 19.874823 21.961117 21.792732 19.783415 19.009460 19.300625 23.128689 24.249590 24.388500 23.570112 25.562710 26.176348 25.618692 27.283205 25.478226 25.696098 25.811602 25.719597 26.956450 28.072920 29.140383 28.847502 30.317856 26.111668 26.275751 25.111324 25.315266 27.596096 28.768803 28.969711 29.596947 23.955774 22.805538 23.065825 22.371511 21.705658 21.118734 22.149246 22.790298 22.553854 23.757874 23.489965 22.975222 25.907711 26.251526 27.078091 23.237738 22.362066 23.145630 22.733166 21.001217 21.320232 20.145582 20.116598 24.345442 25.225155 26.631824 27.552094 28.930107 29.522892 29.498844 29.692844 31.211519 31.680155 33.215427 30.116600 30.783937 29.943981 32.071129 33.014347 33.165894 33.663372 28.694510 27.786963 27.584639 27.482912 28.364676 28.523746 27.568329 29.781876 27.628382 27.534035 26.963469 26.875019 30.893950 31.305525 30.810137 29.852711 31.332729 26.629391 26.202496 27.483007 28.329477 25.297352 23.887377 23.152506
4.920642 5.663162 6.210755 3.646755 2.780916 0.000000 6.059785 7.121880 6.907936 6.759962 8.250540 9.419394 7.304022 7.573693 9.064277 9.800925 6.963284 9.627660 11.051499 11.264823 10.666543 11.723358 12.514956 12.417983 13.544755 14.020160 12.260649 12.804237 14.929479 12.619844 13.430032 13.257922 13.244053 14.955294 16.613682 18.108376 18.466423 19.434515 20.419441 20.929190 20.195154 20.750425 22.753222 22.439951 20.603949 19.900373 19.982901 23.965818 24.978321 25.059868 24.273693 26.354843 27.054457 26.514889 28.205374 26.065777 26.222046 26.441357 26.310421 27.385204 28.540066 29.498220 29.092178 30.705149 26.867874 27.131651 26.076672 26.389929 28.515299 29.597733 29.738522 30.415369 24.889950 23.844950 24.237040 23.655067 22.673115 22.146713 23.155968 23.905245 23.808197 24.836647 24.775715 24.160061 27.121288 27.549667 28.284050 24.650415 23.800236 24.658981 24.270018 22.525320 22.982996 21.575981 21.867823 25.890757 26.827566 28.244371 29.189213 30.579157 31.234434 31.182072 31.238392 32.762669 33.266811 34.808140 31.906208 32.630703 31.813457 33.872322 34.793404 34.994473 35.373997 30.594826 29.713026 29.430252 29.342566 30.369404 30.605415 29.688225 31.883327 29.382912 29.197296 28.535982 28.453720 32.560104 33.010242 32.491241 31.470131 33.047707 28.110973 27.582043 28.791143 29.621113 26.599783 25.246071 24.412216
2.417811 1.332054 2.267260 2.869362 3.330553 6.059785 0.000000 1.462376 2.523529 3.109894 2.466672 3.442478 3.430851 4.735143 5.958602 6.250779 5.284956 6.925952 8.257513 9.182615 9.239249 8.947532 9.100384 8.413710 10.072754 10.015505 10.097895 11.208973 12.672071 11.283658 12.605567 11.387608 12.877062 13.387601 14.517026 15.831504 17.012323 18.268915 19.008121 19.174412 19.112381 19.524939 21.616352 21.636063 19.371939 18.459991 18.955841 22.688419 23.914701 24.069605 23.193298 25.145201 25.609154 24.999468 26.656029 25.234133 25.477823 25.430382 25.347351 26.834703 27.918776 29.107800 28.958338 30.234243 25.584534 25.588947 24.304148 24.350407 26.821619 28.086512 28.327183 28.949375 23.225281 21.964241 22.088104 21.259750 20.884504 20.177866 21.172485 21.645006 21.249571 22.609476 22.464115 22.106991 24.922541 25.192690 26.054228 22.066561 21.216902 21.925592 21.530914 19.753405 19.849318 19.004086 18.522459 23.049433 23.873114 25.230612 26.135931 27.471601 28.006338 28.055025 28.364807 29.857445 30.237886 31.754007 28.476782 29.087128 28.256170 30.441143 31.378830 31.436968 32.118290 26.966938 26.062735 26.007704 25.921587 26.542093 26.560192 25.538664 27.774078 26.166037 26.225597 25.763744 25.631031 29.599918 29.984022 29.553511 28.696733 30.047789 25.578156 25.272900 26.624050 27.507277 24.509146 23.052713 22.489346
3.810359 2.451809 2.813328 4.250279 4.414173 7.121880 1.462376 0.000000 1.539059 2.422021 1.548196 2.943211 2.431285 3.830236 4.836298 5.048549 4.706717 5.817116 7.062712 8.106770 8.299235 7.739682 7.788280 7.022063 8.761539 8.650364 8.991619 10.192533 11.510077 10.363336 11.753285 10.401601 12.154672 12.306634 13.311510 14.582044 15.895302 17.186083 17.870022 17.980324 18.047880 18.410793 20.502024 20.579126 18.268991 17.345551 17.926046 21.544918 22.800488 22.974869 22.095327 23.998745 24.426720 23.814760 25.452139 24.162283 24.431166 24.348566 24.288477 25.816044 26.874823 28.098658 27.995401 29.206709 24.452389 24.426596 23.112101 23.124743 25.628448 26.918510 27.185774 27.775295 22.048426 20.759794 20.833134 19.974335 19.735943 19.032660 20.043598 20.484255 20.038643 21.471174 21.167826 20.846735 23.633467 23.879543 24.761778 20.736206 19.890348 20.582094 20.195433 18.409910 18.464916 17.689070 17.121666 21.688774 22.503138 23.848969 24.753468 26.079786 26.610531 26.676271 26.992323 28.478708 28.843349 30.355406 27.063482 27.673349 26.853973 29.036551 29.966089 30.010216 30.715839 25.560074 24.668993 24.641548 24.575085 25.150112 25.148773 24.118660 26.357924 24.807304 24.899166 24.446367 24.294426 28.296230 28.694618 28.293739 27.455868 28.802696 24.295586 24.007484 25.367973 26.265169 23.285130 21.825575 21.314445
4.691482 3.400395 3.625876 4.740212 4.437206 6.907936 2.523529 1.539059 0.000000 1.236427 2.514297 4.328793 1.331649 2.456212 3.590235 4.089945 3.486627 4.444589 5.774041 6.760080 6.858673 6.426964 6.649872 6.077084 7.683117 7.769894 7.739412 8.910109 10.371398 9.167247 10.524578 9.362967 10.989067 10.992304 12.034322 13.347832 14.588543 15.843940 16.538460 16.704510 16.739029 17.037441 19.111683 19.152502 16.864050 15.960741 16.502775 20.173765 21.405830 21.565546 20.691744 22.630938 23.086586 22.477833 24.133163 22.739216 23.000467 22.950294 22.891726 24.370888 25.438322 26.643475 26.518597 27.761587 23.086632 23.101084 21.815592 21.875566 24.329197 25.597532 25.857813 26.446793 20.727224 19.465273 19.583498 18.766636 18.440338 17.782410 18.823402 19.325441 18.925541 20.332558 19.964127 19.596537 22.416538 22.705070 23.550550 19.592192 18.757925 19.507050 19.145388 17.306494 17.442963 16.520584 16.141582 20.637615 21.501942 22.858046 23.792574 25.130095 25.715107 25.778358 25.985596 27.481335 27.859299 29.382059 26.218493 26.882793 26.093191 28.226034 29.131443 29.201357 29.839712 24.812267 23.955235 23.889206 23.861082 24.515474 24.561623 23.551254 25.789953 23.983055 24.036531 23.510208 23.336443 27.496153 27.950317 27.565994 26.691738 28.127968 23.324274 22.966661 24.295406 25.208122 22.224041 20.787159 20.252304
5.200773 4.146816 4.610517 4.912158 4.568868 6.759962 3.109894 2.422021 1.236427 0.000000 2.938456 5.195366 2.260167 2.803924 3.939884 4.704485 3.869414 4.457428 5.804373 6.797838 6.756111 6.202813 6.445410 6.052722 7.368581 7.536249 7.913645 9.065194 10.631298 9.470105 10.772599 9.832827 11.308695 11.022377 11.971705 13.288319 14.571211 15.776201 16.424719 16.641169 16.750650 16.832064 18.815071 18.828236 16.458408 15.478623 15.907907 19.868320 21.062778 21.139999 20.229895 22.328539 22.762743 22.109091 23.836279 22.283768 22.474157 22.404919 22.289497 23.823977 24.937412 26.126596 25.986153 27.249666 22.589508 22.589792 21.330339 21.403864 23.849274 25.089560 25.297672 25.974854 20.252069 19.019089 19.224842 18.442362 17.858316 17.153515 18.149723 18.670626 18.333401 19.639610 19.782585 19.405325 22.193743 22.562628 23.284723 19.476976 18.712332 19.542877 19.250555 17.274742 17.428217 16.400959 16.133827 20.664242 21.594675 22.928532 23.910650 25.234598 25.885550 25.987137 26.053207 27.543669 27.883425 29.409044 26.400095 27.121796 26.389517 28.466825 29.323025 29.376223 30.010502 25.111603 24.311474 24.263994 24.293312 24.927561 24.960722 23.942110 26.184769 24.308010 24.371895 23.784416 23.557756 27.905785 28.417021 28.072367 27.188515 28.681610 23.603313 23.184483 24.479904 25.425501 22.461239 21.052999 20.534010
4.776552 3.632615 4.140025 5.200412 5.621545 8.250540 2.466672 1.548196 2.514297 2.938456 0.000000 2.565886 3.529937 4.798692 5.555530 5.733225 5.934924 6.376268 7.484724 8.716662 8.999296 7.929572 7.701902 6.828390 8.490059 8.177012 9.621460 10.925750 12.072970 11.257771 12.692212 11.259282 13.228647 12.886125 13.631128 14.814952 16.385489 17.693819 18.261875 18.311335 18.624929 18.771545 20.779951 20.923473 18.456835 17.417418 18.002279 21.761946 23.030113 23.147835 22.218990 24.211130 24.547440 23.878965 25.557537 24.338699 24.561228 24.385166 24.281998 25.965219 27.039915 28.299957 28.249060 29.383030 24.455830 24.337048 22.990366 22.929205 25.511868 26.818865 27.060534 27.719009 21.983627 20.670879 20.740259 19.841959 19.553867 18.749855 19.688000 20.042650 19.563583 20.981640 21.182178 20.939398 23.622198 23.887897 24.690470 20.724033 19.948828 20.652361 20.325657 18.434031 18.374100 17.715582 16.974014 21.704052 22.529285 23.825676 24.751017 26.039125 26.581446 26.712730 26.993458 28.456682 28.744762 30.243717 26.971687 27.586605 26.813156 28.984423 29.874920 29.854769 30.658457 25.503162 24.654455 24.721310 24.699503 25.113363 25.021521 23.949915 26.197992 24.917231 25.097359 24.664663 24.456108 28.534182 28.951088 28.607929 27.818506 29.127445 24.593676 24.329170 25.696297 26.628262 23.692394 22.236998 21.821234
4.955878 3.859521 3.909040 6.014753 6.661659 9.419394 3.442478 2.943211 4.328793 5.195366 2.565886 0.000000 4.829457 6.260051 6.828569 6.564759 7.159999 7.904350 8.873857 10.052365 10.511717 9.565084 9.262315 8.166298 10.106480 9.626132 10.712990 12.002529 12.882914 12.111861 13.582298 11.810231 13.992922 14.055613 14.863743 15.989378 17.530542 18.905767 19.513605 19.459972 19.705669 20.159796 22.275806 22.478609 20.120230 19.175680 19.920906 23.248243 24.572571 24.807083 23.927301 25.674383 26.017220 25.410246 26.970562 26.040415 26.360853 26.189787 26.162497 27.796759 28.800188 30.090904 30.077019 31.156748 26.174398 26.049616 24.657473 24.548941 27.158640 28.511646 28.828417 29.363407 23.659166 22.301256 22.225624 21.264111 21.374628 20.614763 21.589342 21.882200 21.296368 22.855061 22.397623 22.201864 24.879007 25.005266 25.992926 21.815689 20.950260 21.496466 21.065182 19.418497 19.280148 18.870184 17.866659 22.529558 23.220125 24.524231 25.353678 26.639372 27.046059 27.126898 27.678997 29.130941 29.458693 30.935478 27.378418 27.867384 26.999447 29.267458 30.237259 30.219984 31.076283 25.687326 24.743502 24.817076 24.688534 25.057747 24.945211 23.880375 26.100138 25.135733 25.332685 25.044090 24.923536 28.590611 28.883614 28.479368 27.741289 28.889011 24.997356 24.870768 26.293379 27.163271 24.234097 22.740749 22.332520
5.321270 3.935464 3.739958 5.480218 4.925043 7.304022 3.430851 2.431285 1.331649 2.260167 3.529937 4.829457 0.000000 1.472033 2.544478 2.934237 2.467831 3.625699 4.932323 5.796765 5.968844 5.841712 6.214821 5.661010 7.390106 7.573845 6.669360 7.806165 9.253173 7.959600 9.334430 8.093719 9.769101 9.976965 11.153078 12.489156 13.600883 14.874530 15.628082 15.785015 15.701684 16.192820 18.346601 18.386747 16.222424 15.430271 16.061567 19.431364 20.680933 20.921310 20.097141 21.879017 22.382147 21.829584 23.413275 22.113050 22.447294 22.447250 22.454500 23.824602 24.844625 26.049025 25.923637 27.167759 22.557028 22.622948 21.338192 21.424553 23.834707 25.112123 25.424660 25.911697 20.220797 18.955454 19.013615 18.199465 18.088352 17.527231 18.639149 19.171993 18.744934 20.234360 19.230091 18.833555 21.707834 21.940496 22.892235 18.836943 17.936495 18.638308 18.219654 16.504042 16.694036 15.766767 15.432587 19.795660 20.623632 22.009354 22.911623 24.270348 24.824690 24.840862 25.115683 26.621607 27.054470 28.579483 25.357994 26.001339 25.173367 27.321276 28.260422 28.372107 28.954826 23.904495 23.013737 22.891947 22.830149 23.576134 23.679247 22.699821 24.925209 22.980406 22.987471 22.469479 22.338953 26.405531 26.840767 26.425468 25.532721 26.977205 22.247301 21.900909 23.236355 24.121931 21.120127 19.675007 19.102436
6.476483 5.203788 4.985364 6.407409 5.574320 7.573693 4.735143 3.830236 2.456212 2.803924 4.798692 6.260051 1.472033 0.000000 1.521147 2.404679 1.531741 2.399790 3.798765 4.485640 4.536988 4.762083 5.420601 5.153069 6.664484 7.094615 5.450135 6.521198 8.148900 6.753662 8.083977 7.079299 8.586217 8.676441 9.938103 11.325453 12.312069 13.547838 14.328831 14.546466 14.394319 14.862424 17.014872 17.014418 14.907959 14.168403 14.776545 18.124924 19.351688 19.594366 18.788721 20.571432 21.114012 20.577902 22.162828 20.774137 21.115908 21.161175 21.184048 22.477879 23.496119 24.679802 24.531445 25.808582 21.299416 21.418270 20.166845 20.307859 22.651527 23.906147 24.221531 24.686708 19.019958 17.785692 17.878044 17.111826 16.955595 16.466452 17.619204 18.218904 17.835423 19.307417 18.106096 17.654324 20.569437 20.833908 21.767933 17.772696 16.872736 17.622440 17.218996 15.481488 15.769691 14.688419 14.569533 18.806797 19.676138 21.074261 21.997896 23.368540 23.969852 23.974165 24.152271 25.666515 26.122581 27.655691 24.557842 25.249269 24.445774 26.541651 27.461250 27.605820 28.110727 23.196159 22.335867 22.165127 22.135166 22.974684 23.134584 22.184410 24.397545 22.180040 22.138828 21.549126 21.405689 25.602274 26.088026 25.683969 24.753593 26.284565 21.283665 20.868465 22.169811 23.064058 20.059580 18.639824 18.034479
7.820084 6.453174 6.103776 7.868270 7.077979 9.064277 5.958602 4.836298 3.590235 3.939884 5.555530 6.828569 2.544478 1.521147 0.000000 1.230175 2.455710 1.330105 2.464422 3.305928 3.699859 3.635801 4.278255 3.999951 5.600414 6.056052 4.164565 5.388048 6.787369 5.758664 7.185550 5.966921 7.876616 7.472793 8.617953 9.964252 11.075921 12.366159 13.098749 13.241763 13.211679 13.689753 15.873306 15.944052 13.831913 13.126275 13.875141 16.956099 18.224777 18.520777 17.730858 19.395649 19.913139 19.395185 20.931412 19.733101 20.130449 20.152309 20.225569 21.525120 22.495781 23.717834 23.622799 24.824205 20.221779 20.324139 19.040087 19.152094 21.514549 22.800140 23.163877 23.555639 17.901354 16.634735 16.643339 15.842869 15.936220 15.492529 16.686722 17.259209 16.810314 18.388790 16.757673 16.336220 19.242020 19.458164 20.456551 16.376278 15.452991 16.167830 15.751997 14.046738 14.313286 13.303924 13.111582 17.345833 18.194105 19.592581 20.505762 21.875624 22.463623 22.470371 22.677244 24.190046 24.648510 26.179398 23.044674 23.730223 22.926563 25.024956 25.947384 26.091602 26.603210 21.675810 20.819336 20.658089 20.640305 21.464701 21.625393 20.678377 22.889589 20.676466 20.654324 20.074614 19.923326 24.133928 24.630720 24.249697 23.333448 24.864349 19.835320 19.441505 20.757536 21.660139 18.666351 17.238270 16.681299
8.085248 6.636859 6.107845 8.352946 7.658147 9.800925 6.250779 5.048549 4.089945 4.704485 5.733225 6.564759 2.934237 2.404679 1.230175 0.000000 3.141070 2.261469 2.844270 3.669962 4.346750 4.158056 4.579863 4.036763 5.900372 6.183271 4.174655 5.439663 6.493965 5.665748 7.167826 5.549137 7.837105 7.541582 8.657214 9.933825 11.088269 12.439010 13.169984 13.217078 13.201278 13.862213 16.105848 16.239698 14.190804 13.546749 14.428927 17.165644 18.477047 18.852371 18.095245 19.582067 20.088770 19.609354 21.062603 20.094727 20.559790 20.570543 20.698006 21.978424 22.892712 24.142010 24.087257 25.227457 20.568245 20.655813 19.337446 19.408960 21.792366 23.111115 23.528366 23.833364 18.213194 16.912710 16.810780 15.961273 16.358156 15.944494 17.160292 17.681738 17.152761 18.836142 16.737762 16.358416 19.250669 19.373480 20.492769 16.266941 15.284567 15.897544 15.416740 13.858170 14.066440 13.235580 12.848233 17.064953 17.833788 19.240879 20.102209 21.474857 21.989756 21.971140 22.329788 23.839550 24.319942 25.841694 22.541346 23.164091 22.309256 24.464943 25.431055 25.577911 26.118031 21.051418 20.143129 19.985867 19.917788 20.723860 20.878859 19.932014 22.141541 20.067923 20.060631 19.557524 19.449566 23.471699 23.913551 23.508526 22.617420 24.078232 19.339954 19.027481 20.383631 21.258923 18.262892 16.804043 16.268124
6.528686 5.417369 5.043443 6.388410 5.288793 6.963284 5.284956 4.706717 3.486627 3.869414 5.934924 7.159999 2.467831 1.531741 2.455710 3.141070 0.000000 3.198180 4.475576 4.670964 4.493865 5.602142 6.515309 6.397447 7.802900 8.371350 5.511458 6.298725 8.154300 6.243528 7.439261 6.672934 7.704890 8.594722 10.180736 11.633378 12.246282 13.425400 14.343974 14.643227 14.171300 14.897687 17.110342 17.021963 15.138614 14.547683 15.120259 18.279167 19.470417 19.768044 19.026608 20.702417 21.345154 20.875235 22.404146 20.926432 21.309675 21.460566 21.524059 22.632734 23.629993 24.759480 24.547693 25.910278 21.641859 21.861555 20.663866 20.884415 23.115267 24.335726 24.669106 25.066502 19.470650 18.285540 18.390995 17.684620 17.553862 17.173714 18.373541 19.051353 18.714796 20.164118 18.513159 17.977045 20.968300 21.215075 22.215343 18.220692 17.261040 17.991098 17.529907 15.936317 16.347723 15.150395 15.235191 19.219152 20.068810 21.502840 22.396297 23.793785 24.380285 24.315777 24.523323 26.049747 26.581522 28.117334 25.029663 25.711813 24.868637 26.958132 27.910229 28.119392 28.519260 23.647270 22.752127 22.482702 22.405872 23.408466 23.659285 22.760166 24.943394 22.462894 22.324045 21.714090 21.633698 25.717379 26.181158 25.716452 24.736982 26.302708 21.358934 20.915623 22.194527 23.042631 20.012873 18.605536 17.888590
8.836318 7.530946 7.294837 8.719562 7.866407 9.627660 6.925952 5.817116 4.444589 4.457428 6.376268 7.904350 3.625699 2.399790 1.330105 2.261469 3.198180 0.000000 1.458354 2.383634 2.705672 2.441111 3.356947 3.485487 4.663641 5.359114 3.498946 4.735939 6.228358 5.415524 6.767498 5.860284 7.640140 6.606441 7.626853 8.991991 10.164343 11.416778 12.094147 12.280265 12.355583 12.609216 14.730675 14.791133 12.607002 11.860528 12.568653 15.809089 17.058468 17.304777 16.492151 18.259029 18.763466 18.216988 19.803562 18.505476 18.869034 18.882189 18.934694 20.259777 21.253014 22.473753 22.378862 23.582172 18.975780 19.080219 17.812649 17.946692 20.292795 21.562798 21.904650 22.333855 16.668739 15.419625 15.485281 14.716928 14.670061 14.234660 15.434057 16.041994 15.633887 17.173599 15.720443 15.279450 18.178455 18.460955 19.369848 15.403486 14.534932 15.333958 14.986177 13.148030 13.461098 12.314277 12.287354 16.511898 17.430138 18.812773 19.773758 21.134996 21.794220 21.832922 21.888527 23.399422 23.832943 25.369011 22.401215 23.152225 22.409615 24.439054 25.311375 25.451706 25.935637 21.169479 20.378677 20.222567 20.273485 21.101480 21.268576 20.327127 22.531950 20.171356 20.150339 19.493843 19.285267 23.713011 24.281284 23.949638 23.020428 24.626350 19.255159 18.788534 20.066175 21.005386 18.036688 16.644051 16.112225
10.217308 8.866755 8.562025 10.157200 9.315158 11.051499 8.257513 7.062712 5.774041 5.804373 7.484724 8.873857 4.932323 3.798765 2.464422 2.844270 4.475576 1.458354 0.000000 1.533316 2.383511 1.525703 2.544011 2.922673 3.853101 4.667980 2.468105 3.845340 5.011398 4.795136 6.144798 5.174250 7.236072 5.446364 6.262900 7.587942 8.914306 10.209278 10.817727 10.936909 11.168984 11.373601 13.510059 13.640416 11.447005 10.738626 11.588447 14.559391 15.844965 16.136826 15.339672 17.001648 17.481329 16.950073 18.495810 17.365618 17.779888 17.772367 17.874201 19.198645 20.146162 21.400915 21.356747 22.486916 17.802912 17.896599 16.603785 16.718157 19.070681 20.365580 20.752090 21.111578 15.465429 14.190834 14.182485 13.390162 13.578517 13.204356 14.448349 15.040105 14.578366 16.213041 14.323058 13.903810 16.796822 17.046555 18.001951 13.975890 13.094412 13.881919 13.538997 11.699629 12.012843 10.891588 10.852225 15.056609 15.973561 17.354591 18.317591 19.677502 20.343090 20.389559 20.432528 21.942646 22.376171 23.912113 20.954201 21.717474 20.990175 23.001520 23.864445 24.007133 24.483955 19.754242 18.985289 18.834766 18.915815 19.737957 19.912952 18.980745 21.177090 18.764360 18.757719 18.087843 17.857512 22.353928 22.951529 22.653671 21.733585 23.359735 17.871605 17.404089 18.683708 19.639221 16.690044 15.301937 14.824221
10.935909 9.649935 9.264049 10.806466 9.795773 11.264823 9.182615 8.106770 6.760080 6.797838 8.716662 10.052365 5.796765 4.485640 3.305928 3.669962 4.670964 2.383634 1.533316 0.000000 1.229519 2.448868 3.748600 4.353145 4.906622 5.898283 1.330992 2.441233 4.090615 3.453874 4.698643 4.145466 5.825221 4.239634 5.522941 6.971404 7.840963 9.090987 9.848337 10.073827 9.988069 10.425423 12.647005 12.689715 10.739168 10.230736 11.073305 13.766616 15.021718 15.382573 14.659820 16.194027 16.784739 16.328888 17.813309 16.597113 17.070625 17.180107 17.342319 18.457010 19.373249 20.581526 20.483850 21.688419 17.248495 17.462421 16.233608 16.448067 18.655556 19.912476 20.328503 20.596115 15.037858 13.824627 13.828869 13.121129 13.369631 13.160653 14.472310 15.164524 14.762733 16.372580 13.844561 13.314507 16.304197 16.545822 17.565857 13.565685 12.622732 13.414590 13.025141 11.323868 11.822548 10.499416 10.806300 14.644692 15.563595 16.981985 17.926758 19.314774 19.991882 19.971582 19.986610 21.510323 22.023565 23.563641 20.686661 21.467203 20.722502 22.692665 23.570509 23.787092 24.129412 19.526514 18.749615 18.486080 18.549171 19.561682 19.847572 18.982359 21.133677 18.340340 18.222910 17.491604 17.306089 21.788752 22.401176 22.065994 21.086391 22.792669 17.175226 16.641468 17.884674 18.810621 15.833767 14.468482 13.881401
10.865069 9.687115 9.376576 10.577426 9.462528 10.666543 9.239249 8.299235 6.858673 6.756111 8.999296 10.511717 5.968844 4.536988 3.699859 4.346750 4.493865 2.705672 2.383511 1.229519 0.000000 2.977602 4.441640 5.195858 5.519822 6.628891 2.243507 2.755970 4.833381 3.664969 4.663294 4.710563 5.674686 4.476210 5.949995 7.453142 8.032600 9.160336 9.986203 10.356064 10.083204 10.455478 12.625892 12.554285 10.664211 10.172088 10.838769 13.792970 14.979041 15.283003 14.560592 16.219826 16.866703 16.405827 17.939287 16.452070 16.874758 17.046379 17.172024 18.215496 19.177633 20.331512 20.163700 21.468418 17.208395 17.483753 16.320854 16.611197 18.734877 19.938555 20.308422 20.630138 15.095684 13.949763 14.073602 13.450747 13.395296 13.208541 14.509284 15.283193 14.985177 16.468323 14.226639 13.620657 16.632221 16.953140 17.880125 14.056029 13.154214 14.020348 13.668131 11.925364 12.522082 11.004018 11.574851 15.264362 16.234516 17.647429 18.615967 20.002628 20.729919 20.702314 20.602148 22.124672 22.647493 24.188814 21.468851 22.291122 21.574762 23.487320 24.338898 24.577513 24.853941 20.402353 19.655596 19.351860 19.432457 20.515713 20.837378 19.995049 22.125301 19.144594 18.975290 18.178938 17.986519 22.544436 23.186718 22.845238 21.830015 23.595921 17.807295 17.195786 18.384869 19.307928 16.341856 15.021232 14.367993
11.028351 9.718817 9.569810 10.855542 10.072002 11.723358 8.947532 7.739682 6.426964 6.202813 7.929572 9.565084 5.841712 4.762083 3.635801 4.158056 5.602142 2.441111 1.525703 2.448868 2.977602 0.000000 1.492257 2.525242 2.588978 3.665996 3.371282 4.587962 5.559440 5.814695 7.003290 6.322433 8.227751 5.608497 5.917892 7.150664 8.790120 10.023709 10.457130 10.580910 11.136635 10.877596 12.850451 13.014592 10.585923 9.696564 10.482306 13.845366 15.112475 15.288265 14.416216 16.298784 16.692648 16.076462 17.727154 16.503033 16.830196 16.739943 16.773249 18.257616 19.254818 20.530893 20.516764 21.605783 16.784250 16.807589 15.504297 15.589483 18.000368 19.292044 19.626703 20.097519 14.397645 13.117551 13.189916 12.399777 12.329089 11.863105 13.065413 13.643788 13.208163 14.791702 13.590837 13.211364 16.018005 16.368887 17.149206 13.302847 12.549665 13.450273 13.237709 11.145750 11.412852 10.217900 10.226177 14.579476 15.586545 16.910913 17.943895 19.265676 20.017395 20.145729 19.998810 21.490326 21.840290 23.374294 20.610058 21.445818 20.814520 22.746321 23.529440 23.622175 24.139851 19.578554 18.907484 18.830669 19.010010 19.718983 19.834915 18.878477 21.074142 18.712910 18.770576 18.039593 17.709089 22.463505 23.139099 22.925234 22.027935 23.691633 17.881657 17.357296 18.594734 19.608461 16.731949 15.394187 15.013368
11.336637 9.979319 9.874833 11.266575 10.660588 12.514956 9.100384 7.788280 6.649872 6.445410 7.701902 9.262315 6.214821 5.420601 4.278255 4.579863 6.515309 3.356947 2.544011 3.748600 4.441640 1.492257 0.000000 1.380783 1.357108 2.196301 4.434616 5.737542 6.235998 6.957339 8.199067 7.228802 9.462989 6.540101 6.392693 7.406930 9.454720 10.722123 10.987071 10.968673 11.861372 11.414137 13.287604 13.572756 10.978212 9.952455 10.819530 14.183131 15.485112 15.627767 14.709632 16.611692 16.881573 16.211866 17.873766 16.859707 17.162243 16.947908 16.955067 18.623289 19.610147 20.940859 21.008087 21.974180 16.912140 16.808502 15.438252 15.404794 17.943230 19.278553 19.611137 20.122280 14.409381 13.069426 13.074352 12.192331 12.227186 11.632836 12.768095 13.212324 12.676146 14.333989 13.525472 13.277029 15.945349 16.274994 17.018175 13.150366 12.460983 13.329869 13.166264 10.984936 11.052567 10.118498 9.748360 14.384846 15.372888 16.644732 17.684847 18.966888 19.702215 19.898672 19.779858 21.247339 21.517416 23.038246 20.208836 21.026821 20.424391 22.376009 23.136318 23.156479 23.802027 19.160370 18.514456 18.552628 18.763580 19.276203 19.284782 18.274088 20.492863 18.500000 18.672014 18.001726 17.621576 22.382328 23.053558 22.893412 22.063131 23.650076 17.952547 17.498598 18.762434 19.802507 16.985668 15.642024 15.392166
10.707302 9.291761 9.147901 10.800260 10.330101 12.417983 8.413710 7.022063 6.077084 6.052722 6.828390 8.166298 5.661010 5.153069 3.999951 4.036763 6.397447 3.485487 2.922673 4.353145 5.195858 2.525242 1.380783 0.000000 2.191802 2.148842 4.934552 6.359602 6.701775 7.395246 8.763425 7.422453 9.944757 7.398588 7.324984 8.280013 10.372757 11.704329 11.985428 11.878175 12.764297 12.501618 14.421874 14.754468 12.195312 11.190345 12.122757 15.293190 16.627871 16.816240 15.911097 17.702255 17.945679 17.291824 18.898260 18.066204 18.399216 18.155874 18.179419 19.874842 20.832323 22.183208 22.278854 23.199596 18.066557 17.920418 16.514706 16.417913 19.006592 20.370806 20.727514 21.207527 15.520187 14.147882 14.063028 13.119087 13.360409 12.726741 13.827092 14.183455 13.569048 15.286764 14.383662 14.200212 16.826130 17.072613 17.903194 13.905435 13.174142 13.935480 13.712670 11.653081 11.598497 10.918676 10.222934 14.964441 15.868048 17.138226 18.129782 19.406384 20.060297 20.250925 20.301884 21.762350 22.027761 23.537649 20.505636 21.249008 20.594742 22.627872 23.430983 23.425613 24.152113 19.305799 18.601341 18.682795 18.839075 19.265442 19.221457 18.178652 20.420277 18.727699 18.946276 18.376528 18.034445 22.591105 23.193186 23.009222 22.218287 23.705334 18.370359 18.016533 19.332815 20.349024 17.522465 16.135654 15.910613
12.367628 11.036893 11.010867 12.262361 11.723522 13.544755 10.072754 8.761539 7.683117 7.368581 8.490059 10.106480 7.390106 6.664484 5.600414 5.900372 7.802900 4.663641 3.853101 4.906622 5.519822 2.588978 1.357108 2.191802 0.000000 1.374356 5.505951 6.697450 6.956341 8.021124 9.168426 8.305158 10.507883 7.097288 6.489788 7.297686 9.625774 10.832957 10.912925 10.842969 12.055415 11.246034 12.939689 13.295202 10.526898 9.348564 10.206309 13.745565 15.035794 15.091874 14.117997 16.144238 16.306120 15.566342 17.286150 16.312082 16.551352 16.234310 16.192381 18.022770 19.025663 20.386118 20.508499 21.388523 16.169930 15.970284 14.574675 14.473859 17.084311 18.428877 18.729656 19.319223 13.607449 12.251572 12.279859 11.372631 11.290115 10.592002 11.666934 12.041926 11.478905 13.137321 12.923373 12.755632 15.282560 15.671369 16.275101 12.563516 11.999996 12.927588 12.878242 10.519279 10.482703 9.605407 9.146707 13.910938 14.948387 16.149693 17.234909 18.467512 19.257193 19.532404 19.282787 20.720926 20.905323 22.413832 19.723232 20.586483 20.068180 21.953413 22.644211 22.607878 23.315073 18.805635 18.246525 18.369574 18.662300 19.036757 18.974840 17.940905 20.148315 18.297920 18.547546 17.854218 17.389093 22.310160 23.035549 22.953690 22.162401 23.750095 17.879675 17.409588 18.640610 19.722654 16.999622 15.704226 15.565860
12.382614 11.024215 11.012380 12.397299 12.013121 14.020160 10.015505 8.650364 7.769894 7.536249 8.177012 9.626132 7.573845 7.094615 6.056052 6.183271 8.371350 5.359114 4.667980 5.898283 6.628891 3.665996 2.196301 2.148842 1.374356 0.000000 6.418692 7.701599 7.744422 8.938416 10.169089 9.032264 11.484262 8.169000 7.457501 8.124493 10.616903 11.862032 11.875179 11.692726 13.046770 12.254490 13.907918 14.343886 11.542935 10.327316 11.242214 14.643265 15.957429 16.017612 15.033463 17.000269 17.079370 16.322384 18.009468 17.246605 17.484804 17.086773 17.037048 18.971918 19.950157 21.343443 21.522758 22.310514 16.951939 16.658354 15.218019 15.014048 17.705746 19.081236 19.389397 19.986580 14.324424 12.933836 12.877136 11.895227 11.978773 11.190781 12.184678 12.420688 11.758646 13.473144 13.478436 13.421103 15.821740 16.154047 16.772833 13.018961 12.479545 13.324368 13.275464 10.953683 10.731578 10.159030 9.305265 14.240133 15.215883 16.374716 17.434195 18.632229 19.368748 19.682953 19.533258 20.946512 21.077215 22.566319 19.748167 20.560959 20.038967 21.968338 22.662325 22.566776 23.392748 18.752003 18.184324 18.400633 18.685863 18.892447 18.734972 17.653963 19.878357 18.416313 18.756744 18.151413 17.677523 22.483221 23.170732 23.110006 22.379620 23.869423 18.261063 17.882114 19.147457 20.228119 17.546066 16.233572 16.177895
11.799200 10.475241 9.963388 11.777842 10.763038 12.260649 10.097895 8.991619 7.739412 7.913645 9.621460 10.712990 6.669360 5.450135 4.164565 4.174655 5.511458 3.498946 2.468105 1.330992 2.243507 3.371282 4.434616 4.934552 5.505951 6.418692 0.000000 1.475279 2.816886 2.528455 3.829509 3.013972 5.070967 3.372392 4.832515 6.248195 6.970954 8.287604 9.097320 9.250150 9.068995 9.809549 12.132187 12.220158 10.462909 10.129306 11.134441 13.248430 14.538566 15.021592 14.373346 15.637041 16.260365 15.882172 17.243732 16.261696 16.839399 16.983770 17.236969 18.235756 19.068253 20.287157 20.218416 21.374063 16.982592 17.232510 15.998206 16.213301 18.368734 19.642456 20.132008 20.258612 14.797717 13.579012 13.459873 12.740249 13.375753 13.284902 14.646119 15.324832 14.864306 16.573586 13.204914 12.668946 15.688013 15.828320 17.005196 12.864219 11.828011 12.523237 12.048914 10.553939 11.094296 9.849158 10.141556 13.774280 14.624422 16.072409 16.965719 18.372665 18.996916 18.924923 19.051413 20.581429 21.152489 22.688456 19.711048 20.453953 19.662743 21.657032 22.576162 22.831709 23.130705 18.479683 17.662683 17.346420 17.371099 18.465984 18.806618 17.977198 20.104820 17.207367 17.051144 16.345808 16.211681 20.569859 21.157852 20.796703 19.808105 21.511042 16.004322 15.505594 16.772148 17.668798 14.669709 13.281766 12.673677
12.752070 11.493751 10.941358 12.671662 11.547043 12.804237 11.208973 10.192533 8.910109 9.065194 10.925750 12.002529 7.806165 6.521198 5.388048 5.439663 6.298725 4.735939 3.845340 2.441233 2.755970 4.587962 5.737542 6.359602 6.697450 7.701599 1.475279 0.000000 2.397134 1.528890 2.473725 2.535089 3.852110 2.425604 4.487014 5.932888 6.024869 7.263489 8.243548 8.510599 7.941452 8.981971 11.369869 11.367827 9.924136 9.824434 10.813392 12.544987 13.791245 14.351195 13.793092 14.889087 15.623426 15.331075 16.609938 15.566813 16.208166 16.469900 16.787579 17.561768 18.349726 19.516308 19.398310 20.616039 16.500458 16.868988 15.710478 16.021183 18.009823 19.237064 19.756435 19.783518 14.468151 13.328013 13.216152 12.593555 13.298079 13.371859 14.776550 15.537538 15.135956 16.805220 12.824637 12.180069 15.261441 15.388701 16.624821 12.559285 11.474197 12.160742 11.644147 10.332335 11.056902 9.632245 10.279766 13.451916 14.293840 15.764027 16.630732 18.054272 18.688141 18.549196 18.640585 20.174374 20.822731 22.354172 19.483685 20.242109 19.442356 21.377583 22.304016 22.632376 22.792885 18.310144 17.496618 17.067066 17.077799 18.358616 18.808443 18.054153 20.117617 16.846193 16.574770 15.805681 15.717880 20.043756 20.649227 20.255346 19.209078 20.992590 15.359478 14.789792 16.007092 16.868183 13.858539 12.508782 11.783606
14.350574 12.985373 12.351190 14.443158 13.438209 14.929479 12.672071 11.510077 10.371398 10.631298 12.072970 12.882914 9.253173 8.148900 6.787369 6.493965 8.154300 6.228358 5.011398 4.090615 4.833381 5.559440 6.235998 6.701775 6.956341 7.744422 2.816886 2.397134 0.000000 2.996420 3.578999 2.791875 4.957045 2.262460 3.464699 4.547199 4.966514 6.387701 7.190744 7.139687 6.937606 8.165215 10.594787 10.814772 9.471703 9.503707 10.817851 11.652014 12.997128 13.710985 13.218661 13.916353 14.570701 14.345157 15.446667 14.986415 15.761530 15.949711 16.382545 17.166899 17.817101 19.060263 19.076601 20.085310 15.793396 16.099674 14.873174 15.084298 17.098658 18.392241 19.024664 18.869354 13.692721 12.491856 12.120508 11.403404 12.822508 12.986759 14.413570 15.055585 14.497087 16.362417 11.323720 10.788829 13.805983 13.753191 15.211337 10.877239 9.681427 10.191117 9.575371 8.506955 9.161559 8.062351 8.422455 11.469470 12.201289 13.688981 14.496041 15.927441 16.483126 16.328995 16.592154 18.126032 18.794876 20.318052 17.248327 17.954014 17.115408 19.102440 20.067636 20.396519 20.593771 15.973065 15.128893 14.712397 14.715351 15.969551 16.425535 15.683971 17.737543 14.536747 14.310720 13.609776 13.537489 17.793419 18.388039 18.024641 17.020388 18.764143 13.232178 12.767410 14.061244 14.927494 11.914001 10.502601 9.907327
